LIST1
1
1
2
6
7
7
8
10
11
11
12
12
13
17
18
21
22
22
23
24
25
29
30
34
35
40
41
41
42
46
47
51
52
56
57
60
61
61
62
63
64
66
67
71
LIST2
1
1
2
9
10
13
14
16
17
17
18
18
19
26
27
33
34
34
35
39
40
47
48
55
56
64
65
66
67
74
75
82
83
90
91
95
96
96
97
99
100
104
LIST3
1
2
3
13
14
24
25
35
36
37
38
48
49
49
50
60
61
71
72
82
83
93
94
94
95
105
106
116
117
127
128
138
139
139
140
143
LIST4
1
1
2
2
3
3
4
4
5
5
6
6
7
7
8
12
13
13
14
14
15
15
16
19
20
20
21
21
22
22
23
25
26
28
29
29
30
30
31
31
32
33
LIST5
1
1
2
2
3
4
5
6
7
7
8
9
10
10
11
11
12
12
13
15
16
16
17
17
18
18
19
19
20
21
22
22
23
23
24
25
26
29
30
30
31
31
32
33
LIST6
1
2
3
4
5
8
9
10
11
11
12
13
14
15
16
18
19
19
20
24
25
26
27
28
29
31
32
36
37
37
38
38
